20
603 585 578 651 568 628 451 573 496 596 605 393 464 458 593 620 562 580 480 596
446 469 514 474 514 527 462 520 388 487 522 329 378 415 497 425 527 416 438 544
548 557 459 530 395 567 375 426 406 549 586 282 403 303 483 484 522 479 323 481
588 615 525 562 452 543 453 476 462 514 573 249 370 450 554 531 522 562 385 496
591 553 521 568 471 588 471 506 471 579 644 277 426 416 595 525 534 524 404 583
473 566 421 530 469 491 405 484 382 471 561 259 321 359 500 388 529 484 421 443
359 363 347 403 340 382 314 308 295 312 390 177 260 245 385 358 317 387 284 371
469 525 487 495 499 510 418 494 396 525 549 341 372 434 445 473 537 460 442 556
475 581 548 592 485 646 471 522 461 600 615 396 405 427 502 531 550 572 487 585
367 371 379 407 403 392 354 368 312 368 440 211 296 319 450 384 346 396 318 435
546 560 458 526 409 526 449 475 406 501 570 323 377 386 466 473 511 477 388 504
410 426 385 438 322 401 334 401 330 411 484 207 285 314 496 355 436 452 325 469
577 600 514 614 469 599 492 514 427 544 613 353 450 368 592 520 582 535 428 507
489 616 483 527 507 513 377 545 408 542 622 329 354 404 469 467 588 461 434 547
726 695 674 697 618 717 519 615 558 721 749 362 509 486 698 671 678 682 473 674
441 482 439 534 408 463 371 419 339 474 546 299 398 334 456 470 480 517 337 500
481 465 403 460 432 487 353 422 338 439 562 274 332 312 466 459 478 496 344 477
474 468 428 489 489 497 354 417 374 431 522 256 341 329 426 455 486 483 381 519
338 275 281 328 294 368 289 266 230 317 352 184 255 200 373 290 299 324 244 362
691 689 605 649 613 638 509 602 498 669 727 339 458 492 620 579 663 641 485 662
